5
5
25
738
598
548
483
420
782
589
715
550
919
509
467
764
46
580
175
494
501
185
67
401
336
245
813
306
4
18
757
957
730
885
467
820
768
285
652
192
979
173
661
238
20
598
333
328
7
35
823
98
476
390
164
600
255
459
185
305
497
89
574
635
228
687
808
915
984
682
666
240
275
594
345
814
386
439
31
449
334
555
914
810
19
6
30
730
742
647
613
863
992
653
4
768
820
65
641
470
786
80
137
677
668
836
122
675
371
527
929
209
941
428
258
779
370
5
28
187
653
756
725
912
71
939
856
267
516
392
528
119
420
377
682
599
421
461
606
408
270
153
358
792
297
661
503